0 1 0.2 0.17453294
1 1 0.17402717 0.010028139 0.12269199
2 1 2 4.0916414 0.64225 -2.2720428
2 1 4 1.2677176 0.71231914 -2.3004167
0 2 0.2 0.17453294
1 2 0.39742225 0.06025864 0.32538942
2 2 2 3.9232872 0.49454793 -2.2886305
2 2 4 1.1118971 0.643098 -2.138864
0 3 0.2 0.17453294
1 3 0.5529226 0.12770092 0.48050836
2 3 2 3.7407167 0.34116822 -2.214012
2 3 4 0.94809675 0.5799612 -1.9962183
0 4 0.2 0.17453294
1 4 0.7231409 0.23792614 0.6636592
2 4 2 3.5477293 0.18077797 -2.237559
2 4 4 0.77786714 0.5271897 -1.8915987
0 5 0.2 0.17453294
1 5 0.8299845 0.34008774 0.8068723
2 5 2 3.3489077 0.011814475 -2.24642
2 5 3 3.69641 0.9379021 -1.3580153
2 5 4 0.6031685 0.4941604 -1.7637397
0 6 0.2 0.17453294
1 6 0.9822017 0.5352304 1.0225571
2 6 2 3.1497657 -0.16749883 -2.2342346
2 6 3 3.567837 0.8054658 -1.2608212
0 7 0.2 0.17453294
1 7 1.0737305 0.7137002 1.1876755
2 7 2 2.9568954 -0.359057 -2.29619
2 7 3 3.4199564 0.6693752 -1.2947372
0 8 0.2 0.17453294
1 8 1.1415473 0.9328557 1.357456
2 8 2 2.7780547 -0.5646313 -2.291224
2 8 3 3.2549605 0.52858734 -1.215858
0 9 0.2 0.17453294
1 9 1.1664137 1.1625726 1.5369464
2 9 2 2.6220715 -0.785398 -2.345338
2 9 3 3.0755358 0.38179898 -1.1592045
0 10 0.2 0.17453294
1 10 1.1558738 1.350295 1.7106202
2 10 2 2.498367 -1.0212151 -2.467418
2 10 3 2.884974 0.22736645 -1.2282176
0 11 0.2 0.17453294
1 11 1.1059831 1.5676364 1.8774544
2 11 3 2.6873295 0.06321311 -1.1670568
0 12 0.2 0.17453294
1 12 1.0356294 1.7330835 2.0421097
2 12 0 5.000301 0.99094605 -0.057913445
2 12 3 2.4876459 -0.11325085 -1.1835995
0 13 0.2 0.17453294
1 13 0.88777196 1.9713888 2.2404187
2 13 0 4.8792377 0.8485799 0.029367892
2 13 3 2.292247 -0.30514085 -1.201539
0 14 0.2 0.17453294
1 14 0.756743 2.0844207 2.4165692
2 14 0 4.7366405 0.7031436 -0.013421304
2 14 3 2.1090672 -0.5158994 -1.2210776
0 15 0.2 0.17453294
1 15 0.5879307 2.1899192 2.579365
2 15 0 4.575049 0.55383444 -0.014064942
2 15 3 1.9478656 -0.7486348 -1.302515
0 16 0.2 0.17453294
1 16 0.3989604 2.2844114 2.7455223
2 16 0 4.3975706 0.39973497 -0.031689588
2 16 3 1.8199773 -1.004683 -1.3630251
0 17 0.2 0.17453294
1 17 0.24137487 2.3290854 2.9371898
2 17 0 4.2079444 0.23979521 0.054042686
2 17 5 4.5777016 0.97158384 0.8159896
0 18 0.2 0.17453294
1 18 0.0069400966 2.3597925 3.0829446
2 18 0 4.010632 0.07282925 0.101115614
2 18 5 4.4537797 0.831748 0.86642015
0 19 0.2 0.17453294
1 19 -0.21979167 2.340658 3.3106728
2 19 0 3.8109078 -0.102460384 0.103027254
2 19 5 4.309005 0.6886306 0.8787564
0 20 0.2 0.17453294
1 20 -0.40020543 2.284856 3.4661202
2 20 0 3.6149423 -0.28741407 0.039243683
2 20 5 4.1458416 0.5413594 0.85360163
0 21 0.2 0.17453294
1 21 -0.5760629 2.2021773 3.642744
2 21 0 3.4298327 -0.48326254 -0.024235658
2 21 5 3.9673057 0.38891363 0.9303908
0 22 0.2 0.17453294
1 22 -0.74118876 2.0985339 3.8046803
2 22 0 3.2635067 -0.6908574 0.0585217
2 22 5 3.7770443 0.23009253 0.9544054
0 23 0.2 0.17453294
1 23 -0.90311205 1.9387374 3.9939802
2 23 0 3.1243885 -0.91028166 -0.040092688
2 23 5 3.5794446 0.06350279 0.9497395
0 24 0.2 0.17453294
1 24 -1.0330832 1.7590685 4.1612096
2 24 5 3.3797581 -0.112434864 1.0057566
0 25 0.2 0.17453294
1 25 -1.1305307 1.554095 4.3200383
2 25 1 5.482587 0.9448972 2.1629176
2 25 5 3.1842284 -0.29941177 0.94849855
0 26 0.2 0.17453294
1 26 -1.1966419 1.3521252 4.4970493
2 26 1 5.3540382 0.7985835 2.1815722
2 26 5 3.0001757 -0.4990549 0.8884054
0 27 0.2 0.17453294
1 27 -1.2251415 1.1324553 4.7052817
2 27 1 5.204364 0.64910936 2.2521884
2 27 5 2.8359451 -0.71256876 0.8778841
0 28 0.2 0.17453294
1 28 -1.1997387 0.8822072 4.8760915
2 28 1 5.036448 0.49570656 2.2668614
2 28 5 2.70056 -0.94017744 0.825025
0 29 0.2 0.17453294
1 29 -1.1288989 0.63245296 5.000717
2 29 1 4.853781 0.33751917 2.2475808
0 30 0.2 0.17453294
1 30 -1.0677006 0.5074445 5.193067
2 30 1 4.6605196 0.17360067 2.2771397
0 31 0.2 0.17453294
1 31 -0.9651622 0.3524117 5.3668866
2 31 1 4.46155 0.002928257 2.241589
0 32 0.2 0.17453294
1 32 -0.8086322 0.19357863 5.5662465
2 32 1 4.2625475 -0.17555189 2.2743008
0 33 0.2 0.17453294
1 33 -0.665248 0.1145328 5.734683
2 33 1 4.069991 -0.36283588 2.233248
2 33 4 1.7862585 1.0172939 -2.627875
0 34 0.2 0.17453294
1 34 -0.49011844 0.018493373 5.9111133
2 34 1 3.8911097 -0.5597038 2.2568889
2 34 4 1.6745212 0.9385309 -2.5833263
0 35 0.2 0.17453294
1 35 -0.24789743 -0.04521189 6.090838
2 35 1 3.7336712 -0.76649 2.2275205
2 35 2 4.373713 0.92493963 -2.328334
2 35 4 1.5501786 0.861063 -2.4489775
0 36 0.2 0.17453294
1 36 -0.04101078 -0.06669264 6.2480173
2 36 1 3.6055517 -0.9827924 2.2096407
2 36 2 4.242641 0.78539896 -2.3832629
2 36 4 1.414214 0.78539896 -2.3952928
