1 0 0.022679951 -0.012369117 0.008815713
1 1 0.023243234 -0.012446401 0.009125302
1 2 0.44788274 0.04713091 0.36573416
1 3 0.7345944 0.20111866 0.66658187
1 4 0.91642016 0.38102207 0.9016213
1 5 1.0387359 0.5625748 1.0485811
1 6 1.112541 0.70495105 1.1414179
1 7 1.164925 0.84525704 1.2784735
1 8 1.1994054 1.006822 1.4268717
1 9 1.2108344 1.1941725 1.5916927
1 10 1.1888906 1.3994831 1.7755235
1 11 1.1236662 1.6245404 1.939515
1 12 1.0250264 1.8240141 2.1260536
1 13 0.90441954 1.9807878 2.3151593
1 14 0.75298864 2.116836 2.4935644
1 15 0.57607055 2.2280877 2.6705465
1 16 0.37883136 2.3102856 2.8399658
1 17 0.0974267 2.3730307 2.9954183
1 18 -0.08335477 2.382957 3.171337
1 19 -0.3060832 2.3511367 3.3739576
1 20 -0.4686087 2.2982748 3.5006557
1 21 -0.66604954 2.2029884 3.6718774
1 22 -0.8079626 2.1047096 3.8312325
1 23 -0.9567183 1.9564381 4.0381217
1 24 -1.0781028 1.7779751 4.202493
1 25 -1.1740075 1.5625108 4.3896756
1 26 -1.2228665 1.3571252 4.566443
1 27 -1.2359005 1.1390185 4.7388005
1 28 -1.2116611 0.9123103 4.9073124
1 29 -1.1457899 0.6734101 5.0662937
1 30 -1.0486761 0.4725835 5.2739735
1 31 -0.9085724 0.2951301 5.490681
1 32 -0.71108645 0.13232517 5.7034693
1 33 -0.45815414 -0.0010213517 5.9158454
1 34 -0.19560136 -0.07428935 6.117297
1 35 0.06708977 -0.09681594 6.274912
1 36 0.31054395 -0.07756061 6.4466043
0 0 -4.019072 1.9752972
0 1 2.3066792 -2.752315
0 2 2.8176787 3.0846262
0 3 -0.095956385 4.0487113
0 4 1.0625361 1.093658
0 5 -3.0432363 -1.0178087
2 1 2 4.0916414 0.64225 -2.3258786
2 1 4 1.2677176 0.71231914 -2.2294455
2 2 2 3.9232872 0.49454793 -2.319978
2 2 4 1.1118971 0.643098 -2.1029522
2 3 2 3.7407167 0.34116822 -2.3149629
2 3 4 0.94809675 0.5799612 -2.025799
2 4 2 3.5477293 0.18077797 -2.246191
2 4 4 0.77786714 0.5271897 -1.8685079
2 5 2 3.3489077 0.011814475 -2.2331874
2 5 3 3.69641 0.9379021 -1.3699186
2 5 4 0.6031685 0.4941604 -1.7764115
2 6 2 3.1497657 -0.16749883 -2.2655962
2 6 3 3.567837 0.8054658 -1.275569
2 7 2 2.9568954 -0.359057 -2.2723596
2 7 3 3.4199564 0.6693752 -1.2152206
2 8 2 2.7780547 -0.5646313 -2.2952769
2 8 3 3.2549605 0.52858734 -1.2863611
2 9 2 2.6220715 -0.785398 -2.3370414
2 9 3 3.0755358 0.38179898 -1.1531653
2 10 2 2.498367 -1.0212151 -2.4081435
2 10 3 2.884974 0.22736645 -1.1265738
2 11 3 2.6873295 0.06321311 -1.1377902
2 12 0 5.000301 0.99094605 -0.102243334
2 12 3 2.4876459 -0.11325085 -1.1887883
2 13 0 4.8792377 0.8485799 -0.048128523
2 13 3 2.292247 -0.30514085 -1.1382177
2 14 0 4.7366405 0.7031436 0.032890268
2 14 3 2.1090672 -0.5158994 -1.1249747
2 15 0 4.575049 0.55383444 0.08406335
2 15 3 1.9478656 -0.7486348 -1.2705275
2 16 0 4.3975706 0.39973497 0.06273106
2 16 3 1.8199773 -1.004683 -1.3239846
2 17 0 4.2079444 0.23979521 0.10312279
2 17 5 4.5777016 0.97158384 0.8013291
2 18 0 4.010632 0.07282925 0.06248703
2 18 5 4.4537797 0.831748 0.88902646
2 19 0 3.8109078 -0.102460384 0.08619258
2 19 5 4.309005 0.6886306 0.87109065
2 20 0 3.6149423 -0.28741407 0.030274596
2 20 5 4.1458416 0.5413594 0.86667544
2 21 0 3.4298327 -0.48326254 0.030618578
2 21 5 3.9673057 0.38891363 0.8532179
2 22 0 3.2635067 -0.6908574 -0.025893092
2 22 5 3.7770443 0.23009253 0.90976936
2 23 0 3.1243885 -0.91028166 -0.018242858
2 23 5 3.5794446 0.06350279 0.9030827
2 24 5 3.3797581 -0.112434864 0.87540174
2 25 1 5.482587 0.9448972 2.143663
2 25 5 3.1842284 -0.29941177 0.9448448
2 26 1 5.3540382 0.7985835 2.1522846
2 26 5 3.0001757 -0.4990549 0.8812571
2 27 1 5.204364 0.64910936 2.2487547
2 27 5 2.8359451 -0.71256876 0.80091894
2 28 1 5.036448 0.49570656 2.2265081
2 28 5 2.70056 -0.94017744 0.7784013
2 29 1 4.853781 0.33751917 2.2611892
2 30 1 4.6605196 0.17360067 2.3226695
2 31 1 4.46155 0.002928257 2.3131254
2 32 1 4.2625475 -0.17555189 2.2262325
2 33 1 4.069991 -0.36283588 2.2699623
2 33 4 1.7862585 1.0172939 -2.6085885
2 34 1 3.8911097 -0.5597038 2.1937373
2 34 4 1.6745212 0.9385309 -2.5367863
2 35 1 3.7336712 -0.76649 2.1904716
2 35 2 4.373713 0.92493963 -2.3360684
2 35 4 1.5501786 0.861063 -2.4501529
2 36 1 3.6055517 -0.9827924 2.1560953
2 36 2 4.242641 0.78539896 -2.4441793
2 36 4 1.414214 0.78539896 -2.374607
